Semilla: 635

Costo: 0.21751778855705842

Ruta:[980, 327, 871, 331, 164, 984, 491, 492, 489, 4, 817, 978, 5, 6, 165, 3, 333, 981, 820, 332, 982, 816, 823, 7, 654, 490, 653, 656, 2, 661, 657, 168, 1, 815, 496, 172, 163, 329, 493, 979]

JSON:[{lat: 32.2994, lng: -9.23718},{lat: 45.05, lng: 7.66667},{lat: 53.1271, lng: 18.02},{lat: 51.672, lng: 39.1843},{lat: 40.1917, lng: 29.0611},{lat: 43.5992, lng: 39.7257},{lat: 37.5553, lng: 45.0724},{lat: 35.4681, lng: 44.3922},{lat: 24.4667, lng: 54.3667},{lat: 24.9056, lng: 67.0822},{lat: 31.6133, lng: 65.7101},{lat: 30.3267, lng: 76.4003},{lat: 28.6667, lng: 77.2167},{lat: 28.6, lng: 77.2},{lat: 22.3, lng: 73.2},{lat: 18.975, lng: 72.8258},{lat: 15.35, lng: 75.1667},{lat: 19.95, lng: 79.3},{lat: 13.6004, lng: 100.597},{lat: -0.953154, lng: 100.368},{lat: -6.75028, lng: 107.047},{lat: 5.8402, lng: 118.118},{lat: 10.6969, lng: 122.564},{lat: 14.6042, lng: 120.982},{lat: 16.0678, lng: 108.221},{lat: 20.8561, lng: 106.682},{lat: 21.65, lng: 110.9},{lat: 28.6803, lng: 121.443},{lat: 31.0456, lng: 121.4},{lat: 34.7167, lng: 135.333},{lat: 35.7833, lng: 139.9},{lat: 41.7, lng: 123.883},{lat: 35.685, lng: 139.751},{lat: 34.5997, lng: 119.159},{lat: 37.8792, lng: 114.652},{lat: 34.6836, lng: 112.454},{lat: 36.0564, lng: 103.792},{lat: 47.9167, lng: 106.917},{lat: 53.3606, lng: 83.7636},{lat: 52.3, lng: 76.95}]

